10
0 41 29 35 1 38 25 34 29 37
41 0 28 6 42 41 28 23 25 40
29 28 0 22 28 20 7 5 3 19
35 6 22 0 36 35 22 17 19 34
1 42 28 36 0 39 26 33 30 38
38 41 20 35 39 0 13 25 17 25
25 28 7 22 26 13 0 12 4 12
34 23 5 17 33 25 12 0 8 24
29 25 3 19 30 17 4 8 0 16
37 40 19 34 38 25 12 24 16 0
