15
0 36 19 17 1 13 25 33 31 31 39 6 29 27 22
36 0 40 23 37 27 11 29 27 5 3 34 22 23 18
19 40 0 17 19 20 29 27 29 35 43 13 29 34 29
17 23 17 0 18 4 12 23 25 18 26 11 12 24 19
1 37 19 18 0 14 26 34 32 32 40 7 30 28 23
13 27 20 4 14 0 16 27 29 22 30 7 16 28 23
25 11 29 12 26 16 0 18 16 6 14 23 24 12 7
33 29 27 23 34 27 18 0 2 24 32 27 24 16 11
31 27 29 25 32 29 16 2 0 22 30 25 26 14 9
31 5 35 18 32 22 6 24 22 0 8 29 27 18 13
39 3 43 26 40 30 14 32 30 8 0 37 19 26 21
6 34 13 11 7 7 23 27 25 29 37 0 23 21 16
29 22 29 12 30 16 24 24 26 27 19 23 0 36 31
27 23 34 24 28 28 12 16 14 18 26 21 36 0 5
22 18 29 19 23 23 7 11 9 13 21 16 31 5 0
