20
0 42 5479 4758 8018 3945 196 335 1643 5537 4836 3568 6599 5490 4469 2503 492 1912 2557 3025
42 0 5437 4716 7976 3903 154 293 1685 5495 4794 3526 6557 5448 4427 2461 534 1870 2515 2983
5479 5437 0 5855 9115 9006 5591 5730 7122 6634 10065 4665 10965 7698 5566 6869 5971 6321 6923 7391
4758 4716 5855 0 3838 8619 4870 5009 5875 779 4210 1190 10043 1843 289 6689 5250 2846 6635 6440
8018 7976 9115 3838 0 11879 8130 8269 6730 4617 8048 4450 13881 5681 3549 9949 7881 6106 9895 10278
3945 3903 9006 8619 11879 0 4057 4196 5588 9398 8697 7429 6125 7148 8330 2137 4437 5773 2083 2551
196 154 5591 4870 8130 4057 0 447 1839 5649 4640 3680 6403 5602 4581 2307 688 2024 2361 2829
335 293 5730 5009 8269 4196 447 0 1978 5788 5087 3819 6850 5741 4720 2754 827 2163 2808 3276
1643 1685 7122 5875 6730 5588 1839 1978 0 6654 6479 5211 7635 4032 6112 4146 1151 3555 4200 4668
5537 5495 6634 779 4617 9398 5649 5788 6654 0 3431 1969 10822 2622 1068 7468 6029 3625 7414 7219
4836 4794 10065 4210 8048 8697 4640 5087 6479 3431 0 5400 11043 6053 4499 6947 5328 6664 7001 7469
3568 3526 4665 1190 4450 7429 3680 3819 5211 1969 5400 0 9487 3033 901 5499 4060 1656 5445 5913
6599 6557 10965 10043 13881 6125 6403 6850 7635 10822 11043 9487 0 8200 10332 4096 6484 7831 4042 3603
5490 5448 7698 1843 5681 7148 5602 5741 4032 2622 6053 3033 8200 0 2132 5119 5183 4689 5065 4597
4469 4427 5566 289 3549 8330 4581 4720 6112 1068 4499 901 10332 2132 0 6400 4961 2557 6346 6729
2503 2461 6869 6689 9949 2137 2307 2754 4146 7468 6947 5499 4096 5119 6400 0 2995 3843 54 522
492 534 5971 5250 7881 4437 688 827 1151 6029 5328 4060 6484 5183 4961 2995 0 2404 3049 3517
1912 1870 6321 2846 6106 5773 2024 2163 3555 3625 6664 1656 7831 4689 2557 3843 2404 0 3789 4257
2557 2515 6923 6635 9895 2083 2361 2808 4200 7414 7001 5445 4042 5065 6346 54 3049 3789 0 468
3025 2983 7391 6440 10278 2551 2829 3276 4668 7219 7469 5913 3603 4597 6729 522 3517 4257 468 0
